L[0]:62,46,60,14,71,17,27,34,91,42,26,6,95,87,67,13,1,59,99
L[1]:28,85,0,23,30,75,96
L[2]:91,34,51,92,43,30,21,63,7,81,74,44,83,56,77,28,36,54,39,25,29,50
L[3]:62,64,46,33,61,59,91,40,42,31,0,8,75,13,52,57,84,3,5,19,85,54,34
L[4]:8,72,87,76,35,70,43,40,55,89,28,96,60,3,16,31,13,21,56,68
L[5]:22,1,81,41,26,45,59,76,9,11,61,53,87,4,64,6
L[6]:59,52,85,84,56,61,24
L[7]:89,78,53,41,12,15,39,19,64,74,54,28,17,95,84,34,6,16,76,25,52,4,97,66
L[8]:45,20,16,26,56,80,23,68,98,46,14,67,39
L[9]:52,32,99,63,57,73,65,71,26,17,83,76,2,28,88,8,18,23,29,33,12,91,39,15
L[10]:86,88,92,48,72,73,20,5,33,58,93,94,98
L[11]:79,77,95,90,27,14,13,59,18,20,7,24
L[12]:84,14,85,37,25,34,4,16,55,68,3,64,59
L[13]:55,38,13,49,60,37,93,71,95,61,1,34,58,26,54,0,97
L[14]:16,8,58,88,57
L[15]:7,74,61,40,10,87,42,26,55,60,3,79,6,58,63,4,91,43,89,75,23,0
L[16]:89,0,68,5,75,47,50,95,67,81,39,41,86,76,53
L[17]:7,18,75,78,98,23,74,93,39,45,12,17,15,81,49,28,72
L[18]:42,81,66,78,4,64,36,98,16,77,28,38
L[19]:81,57,48,21,46,66,26,75,29,35,33,80,68,0,90,34,3,13,18,52,96,74
L[20]:86,76,26,22,68,83,79,32,16,24,0,85
L[21]:5,13,66,15,36,42,71,84,67,98,76,81,19,24,64,55,4,51,47,79,50,48,43
L[22]:52,53,47,75,89,49,98,0,51,10,15,54,2,48,19,78
L[23]:48,59,55,67,60,19,49,38,68,26,62,18,72,75
L[24]:18,37,15,22,87,32,44,26,24,13,45,89,97,64,59,72,98,2,12,93,80,91,55,40,10
L[25]:71,37,33,38
L[26]:63,84,11,4,55,62,7,32,31,54,15,30
L[27]:93,4,67,90,19,69,63,97,56,23,66,47,22,37,55
L[28]:80,7,49,34,59,52,55,16,36,94,60,67,25,76,88,17,2,3,47,13,68,66,64
L[29]:80,88,15,85,66,77,44,74,7,81,17,33,52,12,73,83
L[30]:36,52,31,47,41,58,4,35,51,39,66,72,67,95,97,74
L[31]:20,9,40,83,22,51,68,44,71
L[32]:91,73,30,93,21,29,12,23,32,47,56,80,31,25,5,7
L[33]:9,49,38,55,37,45,62,65,14,53,29,79,97,86,21,85,59,66,35
L[34]:38,82,73,42,80,63,28,9,57,17,44,0,35,22,45,94
L[35]:27,68,7,76,83,44,53,49,70,59,45,66,39,71,22,58
L[36]:56,81,94,65,98
L[37]:5,95,12,34,79,62,64,76,91,4,38,67,18
L[38]:61,99,28,89,30,93,68,63,91,77,72,76,11
L[39]:12,60,61,70,90,2,80,10,73,87,6,83,53,0,3,4,14,48,56,5,34,68,41
L[40]:34,61,1,85
L[41]:87,78,44,76,97,27,41,81,28,18,15,43,85,10,29,77
L[42]:73,62,32,59,55,27,65,21,60,76,36,48,72,1,53,95,74,17,23,6
L[43]:73,67,28,34,89,90,16,83,31,74,57,92,23,55,19,49,32,6,80,4
L[44]:70,42,41,33,89,35,12,53,62,96,95,3,25,65,36,48,38,29,1,79,55,44,78,64,40
L[45]:74,73,70,92,63,36,64,46,49,83
L[46]:95,62,3,29,31,34,94,51,24,12,83,67,50,2,14,98,63,69,49,79,84,89,26,96
L[47]:60,18,87,65,45,33,38,75,26,13,43,70,88,61,3,90,2,41
L[48]:49,48,85,14,43,16,78,24,40
L[49]:38,62,85,33
L[50]:24,18,22,16
L[51]:37,88,85,20,98,61,17,80,24,55,70,42,10,2,50,1
L[52]:50,85,8,5,7,3,28,98,36,71,79,24,96,86,61,63,64,15,82
L[53]:98,7,41,80,82,91,42,22,35,67,20,99,3,87,2,76,15,58,89,81,27,45,30,74,56,49
L[54]:37,35,19,18
L[55]:42,44,28,22,15,60,5,62,14,3,58,25,93,98,59,86,49,24
L[56]:16,27,14,35,52
L[57]:86,73,28,85,32,1,80
L[58]:45,58,48,92,75,97,84,18,66,23,86,4,80,57
L[59]:20,87,11,94,9,45,15,29,93,69,98,74,32,34,71,56,44,52,53,0,38,57,48,26,24,97
L[60]:90,48,47,37,28,83,8,97,21,7,70,95,29,54,23,77,52
L[61]:36,52,29,60,28,3,89,81,30,62,67,85,47,53,39,44,21,45,48,25,31,50,49,73
L[62]:23,71,83,34,3,72,12,24,38,18,87,8,93,27,66,58
L[63]:85,47,76,89,10,1,16,77,3,59,5,80
L[64]:71,80,18,97,96,90,64,12,35,29,1,25,34,52,20,55,98,91,10,88,8,47,82,73,32
L[65]:25,68,53,19,36,38,1,44,75,29,70,67,74,72,12,46
L[66]:84,67,64,57,48,61,40,9,69,97,63,32,36,24,35,38,44,81,10,87,15,75,79
L[67]:94,23,35,15,95,0,93,89,65,90,68,20,91,78,26,69,3,73,12,39,5
L[68]:32,36,28,31
L[69]:23,97,34,48,81,68,92,46,85,67
L[70]:42,34,98,44,70,23,89,31,38,18,28
L[71]:63,40,87,91,99,64,70,92,30,41
L[72]:99,32,40,34,21,6,80,97,70,8,87,65,5,41,85,78
L[73]:7,17,27,29
L[74]:94,34,2,68,72,42,67,83,71,90,99,97,6,35
L[75]:93,79,4,33,81,23,58,84,13,24,34,69
L[76]:46,99,26,3,12,25,27,41,84,82,34,50,5,88,95,71,33,36,79,89
L[77]:13,79,9
L[78]:29,42,68,13,46,20,25,50,83,79,32,71,18,65,37,19,51,47,72,52,96,17,63,35,40
L[79]:94,56,98,13,23,2,37,16,68,87
L[80]:80,37,12,19,39,62,65,70,41,69,49
L[81]:6,56,91,11,17,4,78,5,86,31,94,84,65,8,69,80,66,39,3,83
L[82]:42,72,59,5,24,73,74,62,52,87,48,17,45,46,81,11
L[83]:82,43,49,27,53,30,93,84,4,2,66,5,64,31,11,80,23,78,6,36,17
L[84]:23,34,79,57,92,93,77,98,16,78,52,90,58,50,21,82,42,61,14,81,70,30,84
L[85]:19,71,36,90,39,69,50,25,45,73,28,66,61,15
L[86]:59,87,25,40,65,27,85,54,74,38
L[87]:19,97,86,61,8,26,78,52,80,87,15,54,9,39,33,5,47,14
L[88]:99,98,54,11,42,59,10,43,50,36,61,0,7,30,28,58,12,64,1,87,9,35,40,33
L[89]:1,32,22,38,44,60,52
L[90]:21,43,74,18,49,16,24,8,29,50,54,53,2,9,5,46,35,44,12
L[91]:90,63,14,68,9,43,8,22,21,12,91,0,47,44,84,93,85,62,6,89,88,79,27
L[92]:3,0,48,53,71,57,28,6,9,7,2,86,17,58,5,20,62,41,30
L[93]:36,89,56,24,79,29,30,17,95,45
L[94]:91,51,94,72
L[95]:77,84,8,78,60,13,88,30,34,73,54,91,6,61,69,22,16
L[96]:1,4,26,79,75,90,7,41,8,67,2,11,85,48,64,84,57,22,68,94,45,55
L[97]:25,88,32,47,21,29,77,90,50,51,5,53,72,80,63,62,69,43,42
L[98]:4,47,73,40,6,33,10,81,23,0
L[99]:18,9,61,45,72,33,94,98,12,52,90,60,22,3,87,30,93,6
